0 0.0498046875 0.521484375 0.099609375 0.17447916666666666
0 0.15771484375 0.7057291666666666 0.2939453125 0.328125
0 0.25146484375 0.513671875 0.1953125 0.14453125
0 0.31640625 0.4485677083333333 0.13671875 0.10026041666666667
0 0.39990234375 0.4680989583333333 0.107421875 0.3567708333333333
0 0.60791015625 0.62109375 0.2392578125 0.09635416666666667
0 0.658203125 0.4609375 0.1279296875 0.12630208333333334
0 0.72802734375 0.4322916666666667 0.125 0.08723958333333333
0 0.833984375 0.7044270833333334 0.2724609375 0.22135416666666666
0 0.759765625 0.4036458333333333 0.087890625 0.07552083333333333
0 0.84619140625 0.556640625 0.240234375 0.10677083333333333
0 0.8623046875 0.810546875 0.251953125 0.3567708333333333
0 0.92822265625 0.4518229166666667 0.0908203125 0.10286458333333333
0 0.96923828125 0.6432291666666666 0.0595703125 0.09244791666666667