0 0.2236328125 0.7532552083333334 0.248046875 0.3619791666666667
0 0.224609375 0.7493489583333334 0.23828125 0.36328125
0 0.18603515625 0.640625 0.064453125 0.19140625
0 0.18896484375 0.6373697916666666 0.0673828125 0.19140625
0 0.43359375 0.6354166666666666 0.2060546875 0.22526041666666666
0 0.4345703125 0.62890625 0.203125 0.22395833333333334
0 0.583984375 0.580078125 0.193359375 0.5572916666666666
0 0.5263671875 0.603515625 0.0322265625 0.2265625
0 0.724609375 0.6985677083333334 0.2314453125 0.21354166666666666
0 0.63134765625 0.5944010416666666 0.037109375 0.29296875
0 0.72998046875 0.7044270833333334 0.22265625 0.21875
0 0.6357421875 0.5631510416666666 0.0283203125 0.22265625