0 0.5372596153846154 0.2776442307692308 0.21754807692307693 0.4807692307692308
0 0.33413461538461536 0.37740384615384615 0.2247596153846154 0.6334134615384616
0 0.7463942307692307 0.46634615384615385 0.10216346153846154 0.1502403846153846
0 0.8269230769230769 0.4831730769230769 0.09014423076923077 0.12740384615384615
0 0.9170673076923077 0.5132211538461539 0.11778846153846154 0.1875
0 0.14543269230769232 0.7091346153846154 0.2127403846153846 0.2800480769230769
0 0.8990384615384616 0.7908653846153846 0.1045673076923077 0.18269230769230768
0 0.8161057692307693 0.8233173076923077 0.11177884615384616 0.19230769230769232
0 0.7391826923076923 0.8990384615384616 0.09615384615384616 0.1310096153846154
0 0.9050480769230769 0.09495192307692307 0.0625 0.11899038461538461
0 0.8040865384615384 0.16346153846153846 0.1971153846153846 0.15745192307692307